-2.130546784550264305e-01,-2.130546784550264305e-01,-2.130546784550264305e-01,-2.130546784550264305e-01,-2.130546784550264305e-01,-2.130546784550264305e-01,-2.130546784550264305e-01,-2.130546784550264305e-01,-2.130546784550264305e-01,-2.130546784550264305e-01,-2.130546784550264305e-01,-2.130546784550264305e-01,-2.130546784550264305e-01,-2.130546784550264305e-01,-2.130546784550264305e-01,-2.130546784550264305e-01,-2.130546784550264305e-01,-2.130546784550264305e-01,-2.130546784550264305e-01,-2.130546784550264305e-01,-9.321142182407408938e-02,-2.775557561562891351e-17,-2.775557561562891351e-17,-2.775557561562891351e-17,-2.775557561562891351e-17,-2.775557561562891351e-17,0.000000000000000000e+00,-2.775557561562891351e-17,-2.775557561562891351e-17,-2.775557561562891351e-17,-6.657958701719576822e-02,-1.731069262447089696e-01,-2.130546784550264305e-01,-2.130546784550264305e-01,-2.130546784550264305e-01,-2.130546784550264305e-01,-2.130546784550264305e-01,-2.130546784550264305e-01,-2.130546784550264305e-01,-2.130546784550264305e-01,-2.130546784550264305e-01,-2.130546784550264305e-01,-2.130546784550264305e-01,-2.130546784550264305e-01,-2.130546784550264305e-01,-2.130546784550264305e-01,-2.130546784550264305e-01
-2.130546784550264305e-01,-2.130546784550264305e-01,-2.130546784550264305e-01,-2.130546784550264305e-01,-2.130546784550264305e-01,-2.130546784550264305e-01,-2.130546784550264305e-01,-2.130546784550264305e-01,-2.130546784550264305e-01,-2.130546784550264305e-01,-2.130546784550264305e-01,-2.130546784550264305e-01,-2.130546784550264305e-01,-2.130546784550264305e-01,-2.130546784550264305e-01,-2.130546784550264305e-01,-2.130546784550264305e-01,-2.130546784550264305e-01,-2.130546784550264305e-01,-1.664489675429894067e-01,-2.775557561562891351e-17,-2.775557561562891351e-17,-2.775557561562891351e-17,-2.775557561562891351e-17,-2.775557561562891351e-17,-2.775557561562891351e-17,-2.775557561562891351e-17,-2.775557561562891351e-17,-2.775557561562891351e-17,-2.775557561562891351e-17,-5.551115123125782702e-17,-2.775557561562891351e-17,-1.065273392275132291e-01,-2.130546784550264305e-01,-2.130546784550264305e-01,-2.130546784550264305e-01,-2.130546784550264305e-01,-2.130546784550264305e-01,-2.130546784550264305e-01,-2.130546784550264305e-01,-2.130546784550264305e-01,-2.130546784550264305e-01,-2.130546784550264305e-01,-2.130546784550264305e-01,-2.130546784550264305e-01,-2.130546784550264305e-01,-2.130546784550264305e-01
-2.130546784550264305e-01,-2.130546784550264305e-01,-2.130546784550264305e-01,-2.130546784550264305e-01,-2.130546784550264305e-01,-2.130546784550264305e-01,-2.130546784550264305e-01,-2.130546784550264305e-01,-2.130546784550264305e-01,-2.130546784550264305e-01,-2.130546784550264305e-01,-2.130546784550264305e-01,-2.130546784550264305e-01,-2.130546784550264305e-01,-2.130546784550264305e-01,-2.130546784550264305e-01,-2.130546784550264305e-01,-2.130546784550264305e-01,-2.130546784550264305e-01,-5.992162831547620527e-02,-5.551115123125782702e-17,-2.775557561562891351e-17,-2.775557561562891351e-17,-2.775557561562891351e-17,-2.775557561562891351e-17,-2.775557561562891351e-17,-2.775557561562891351e-17,-2.775557561562891351e-17,-2.775557561562891351e-17,-2.775557561562891351e-17,-2.775557561562891351e-17,-2.775557561562891351e-17,-2.775557561562891351e-17,-3.328979350859789799e-02,-1.398171327361110994e-01,-2.130546784550264305e-01,-2.130546784550264305e-01,-2.130546784550264305e-01,-2.130546784550264305e-01,-2.130546784550264305e-01,-2.130546784550264305e-01,-2.130546784550264305e-01,-2.130546784550264305e-01,-2.130546784550264305e-01,-2.130546784550264305e-01,-2.130546784550264305e-01,-2.130546784550264305e-01
-2.130546784550264305e-01,-2.130546784550264305e-01,-2.130546784550264305e-01,-2.130546784550264305e-01,-2.130546784550264305e-01,-2.130546784550264305e-01,-2.130546784550264305e-01,-2.130546784550264305e-01,-2.130546784550264305e-01,-2.130546784550264305e-01,-2.130546784550264305e-01,-2.130546784550264305e-01,-2.130546784550264305e-01,-2.130546784550264305e-01,-2.130546784550264305e-01,-2.130546784550264305e-01,-2.130546784550264305e-01,-2.130546784550264305e-01,-1.331591740343915364e-01,-2.775557561562891351e-17,-2.775557561562891351e-17,-2.775557561562891351e-17,-2.775557561562891351e-17,-2.775557561562891351e-17,-2.775557561562891351e-17,-2.775557561562891351e-17,-2.775557561562891351e-17,-2.775557561562891351e-17,-2.775557561562891351e-17,-2.775557561562891351e-17,-2.775557561562891351e-17,-2.775557561562891351e-17,-5.551115123125782702e-17,-2.775557561562891351e-17,-2.775557561562891351e-17,-6.657958701719576822e-02,-2.068128421721643351e-01,-2.130546784550264305e-01,-2.130546784550264305e-01,-2.130546784550264305e-01,-2.130546784550264305e-01,-2.130546784550264305e-01,-2.130546784550264305e-01,-2.130546784550264305e-01,-2.130546784550264305e-01,-2.130546784550264305e-01,-2.130546784550264305e-01
-2.130546784550264305e-01,-2.130546784550264305e-01,-2.130546784550264305e-01,-2.130546784550264305e-01,-2.130546784550264305e-01,-2.130546784550264305e-01,-2.130546784550264305e-01,-2.130546784550264305e-01,-2.130546784550264305e-01,-2.130546784550264305e-01,-2.130546784550264305e-01,-2.130546784550264305e-01,-2.130546784550264305e-01,-2.130546784550264305e-01,-2.130546784550264305e-01,-2.130546784550264305e-01,-2.130546784550264305e-01,-2.063967197533068676e-01,-1.997387610515874434e-02,-5.551115123125782702e-17,0.000000000000000000e+00,-2.775557561562891351e-17,-2.775557561562891351e-17,-2.775557561562891351e-17,-5.551115123125782702e-17,-2.775557561562891351e-17,-5.551115123125782702e-17,-2.775557561562891351e-17,-2.775557561562891351e-17,-2.775557561562891351e-17,-5.551115123125782702e-17,-2.775557561562891351e-17,-5.551115123125782702e-17,-2.775557561562891351e-17,-2.775557561562891351e-17,-9.986938052579365233e-02,-2.130546784550264305e-01,-2.130546784550264305e-01,-2.130546784550264305e-01,-2.130546784550264305e-01,-2.130546784550264305e-01,-2.130546784550264305e-01,-2.130546784550264305e-01,-2.130546784550264305e-01,-2.130546784550264305e-01,-2.130546784550264305e-01,-2.130546784550264305e-01
-2.130546784550264305e-01,-2.130546784550264305e-01,-2.130546784550264305e-01,-2.130546784550264305e-01,-2.130546784550264305e-01,-2.130546784550264305e-01,-2.130546784550264305e-01,-2.130546784550264305e-01,-2.130546784550264305e-01,-2.130546784550264305e-01,-2.130546784550264305e-01,-2.130546784550264305e-01,-2.130546784550264305e-01,-2.130546784550264305e-01,-2.130546784550264305e-01,-2.130546784550264305e-01,-2.130546784550264305e-01,-9.321142182407407550e-02,-2.775557561562891351e-17,-2.775557561562891351e-17,-2.775557561562891351e-17,-2.775557561562891351e-17,0.000000000000000000e+00,-2.775557561562891351e-17,-2.775557561562891351e-17,-2.775557561562891351e-17,-2.775557561562891351e-17,-2.775557561562891351e-17,-2.775557561562891351e-17,0.000000000000000000e+00,-2.775557561562891351e-17,-2.775557561562891351e-17,-2.775557561562891351e-17,-2.775557561562891351e-17,-2.663183480687833504e-02,-2.063967197533068676e-01,-2.130546784550264305e-01,-2.130546784550264305e-01,-2.130546784550264305e-01,-2.130546784550264305e-01,-2.130546784550264305e-01,-2.130546784550264305e-01,-2.130546784550264305e-01,-2.130546784550264305e-01,-2.130546784550264305e-01,-2.130546784550264305e-01,-2.130546784550264305e-01
-2.130546784550264305e-01,-2.130546784550264305e-01,-2.130546784550264305e-01,-2.130546784550264305e-01,-2.130546784550264305e-01,-2.130546784550264305e-01,-2.130546784550264305e-01,-2.130546784550264305e-01,-2.130546784550264305e-01,-2.130546784550264305e-01,-2.130546784550264305e-01,-2.130546784550264305e-01,-2.130546784550264305e-01,-2.130546784550264305e-01,-2.130546784550264305e-01,-2.130546784550264305e-01,-1.664489675429894067e-01,-2.775557561562891351e-17,-2.775557561562891351e-17,-2.775557561562891351e-17,-2.775557561562891351e-17,-2.775557561562891351e-17,-2.775557561562891351e-17,-2.775557561562891351e-17,-2.775557561562891351e-17,-2.775557561562891351e-17,-2.775557561562891351e-17,-2.775557561562891351e-17,-2.775557561562891351e-17,0.000000000000000000e+00,-2.775557561562891351e-17,-2.775557561562891351e-17,0.000000000000000000e+00,-2.775557561562891351e-17,-1.331591740343915364e-01,-2.130546784550264305e-01,-2.130546784550264305e-01,-2.130546784550264305e-01,-2.130546784550264305e-01,-2.130546784550264305e-01,-2.130546784550264305e-01,-2.130546784550264305e-01,-2.130546784550264305e-01,-2.130546784550264305e-01,-2.130546784550264305e-01,-2.130546784550264305e-01,-2.130546784550264305e-01
-2.130546784550264305e-01,-2.130546784550264305e-01,-2.130546784550264305e-01,-2.130546784550264305e-01,-2.130546784550264305e-01,-2.130546784550264305e-01,-2.130546784550264305e-01,-2.130546784550264305e-01,-2.130546784550264305e-01,-2.130546784550264305e-01,-2.130546784550264305e-01,-2.130546784550264305e-01,-2.130546784550264305e-01,-2.130546784550264305e-01,-2.130546784550264305e-01,-2.130546784550264305e-01,-5.326366961375661457e-02,-2.775557561562891351e-17,-2.775557561562891351e-17,-2.775557561562891351e-17,-2.775557561562891351e-17,-2.775557561562891351e-17,-2.775557561562891351e-17,-2.775557561562891351e-17,-2.775557561562891351e-17,-2.775557561562891351e-17,-2.775557561562891351e-17,-2.775557561562891351e-17,-2.775557561562891351e-17,-2.775557561562891351e-17,-2.775557561562891351e-17,-5.551115123125782702e-17,-2.775557561562891351e-17,-5.992162831547620527e-02,-2.130546784550264305e-01,-2.130546784550264305e-01,-2.130546784550264305e-01,-2.130546784550264305e-01,-2.130546784550264305e-01,-2.130546784550264305e-01,-2.130546784550264305e-01,-2.130546784550264305e-01,-2.130546784550264305e-01,-2.130546784550264305e-01,-2.130546784550264305e-01,-2.130546784550264305e-01,-2.130546784550264305e-01
-2.130546784550264305e-01,-2.130546784550264305e-01,-2.130546784550264305e-01,-2.130546784550264305e-01,-2.130546784550264305e-01,-2.130546784550264305e-01,-2.130546784550264305e-01,-2.130546784550264305e-01,-2.130546784550264305e-01,-2.130546784550264305e-01,-2.130546784550264305e-01,-2.130546784550264305e-01,-2.130546784550264305e-01,-2.130546784550264305e-01,-2.130546784550264305e-01,-1.265012153326719457e-01,-2.775557561562891351e-17,-2.775557561562891351e-17,0.000000000000000000e+00,-2.775557561562891351e-17,0.000000000000000000e+00,-2.775557561562891351e-17,0.000000000000000000e+00,0.000000000000000000e+00,-2.775557561562891351e-17,-5.551115123125782702e-17,-2.775557561562891351e-17,-2.775557561562891351e-17,-2.775557561562891351e-17,-2.775557561562891351e-17,-2.775557561562891351e-17,-2.775557561562891351e-17,0.000000000000000000e+00,-1.731069262447089696e-01,-2.130546784550264305e-01,-2.130546784550264305e-01,-2.130546784550264305e-01,-2.130546784550264305e-01,-2.130546784550264305e-01,-2.130546784550264305e-01,-2.130546784550264305e-01,-2.130546784550264305e-01,-2.130546784550264305e-01,-2.130546784550264305e-01,-2.130546784550264305e-01,-2.130546784550264305e-01,-2.130546784550264305e-01
-2.130546784550264305e-01,-2.130546784550264305e-01,-2.130546784550264305e-01,-2.130546784550264305e-01,-2.130546784550264305e-01,-2.130546784550264305e-01,-2.130546784550264305e-01,-2.130546784550264305e-01,-2.130546784550264305e-01,-2.130546784550264305e-01,-2.130546784550264305e-01,-2.130546784550264305e-01,-2.130546784550264305e-01,-2.130546784550264305e-01,-1.997387610515872769e-01,-1.997387610515874434e-02,-2.775557561562891351e-17,-2.775557561562891351e-17,-2.775557561562891351e-17,-2.775557561562891351e-17,-2.775557561562891351e-17,-2.775557561562891351e-17,-2.775557561562891351e-17,-2.775557561562891351e-17,-2.775557561562891351e-17,-2.775557561562891351e-17,-2.775557561562891351e-17,-2.775557561562891351e-17,-2.775557561562891351e-17,-5.551115123125782702e-17,-5.551115123125782702e-17,-2.775557561562891351e-17,-9.986938052579365233e-02,-2.130546784550264305e-01,-2.130546784550264305e-01,-2.130546784550264305e-01,-2.130546784550264305e-01,-2.130546784550264305e-01,-2.130546784550264305e-01,-2.130546784550264305e-01,-2.130546784550264305e-01,-2.130546784550264305e-01,-2.130546784550264305e-01,-2.130546784550264305e-01,-2.130546784550264305e-01,-2.130546784550264305e-01,-2.130546784550264305e-01
-2.130546784550264305e-01,-2.130546784550264305e-01,-2.130546784550264305e-01,-2.130546784550264305e-01,-2.130546784550264305e-01,-2.130546784550264305e-01,-2.130546784550264305e-01,-2.130546784550264305e-01,-2.130546784550264305e-01,-2.130546784550264305e-01,-2.130546784550264305e-01,-2.130546784550264305e-01,-2.130546784550264305e-01,-2.130546784550264305e-01,-9.321142182407407550e-02,-2.775557561562891351e-17,-2.775557561562891351e-17,-2.775557561562891351e-17,-2.775557561562891351e-17,-2.775557561562891351e-17,-2.775557561562891351e-17,-2.775557561562891351e-17,-5.551115123125782702e-17,-2.775557561562891351e-17,-2.775557561562891351e-17,-2.775557561562891351e-17,-2.775557561562891351e-17,-2.775557561562891351e-17,-2.775557561562891351e-17,-2.775557561562891351e-17,-2.775557561562891351e-17,-2.663183480687833504e-02,-2.130546784550264305e-01,-2.130546784550264305e-01,-2.130546784550264305e-01,-2.130546784550264305e-01,-2.130546784550264305e-01,-2.130546784550264305e-01,-3.655964171489229364e-01,-3.655964171489229364e-01,-3.655964171489229364e-01,-3.655964171489229364e-01,-3.655964171489229364e-01,-2.130546784550264305e-01,-2.130546784550264305e-01,-2.130546784550264305e-01,-2.130546784550264305e-01
-2.130546784550264305e-01,-2.130546784550264305e-01,-2.130546784550264305e-01,-2.130546784550264305e-01,-2.130546784550264305e-01,-2.130546784550264305e-01,-2.130546784550264305e-01,-2.130546784550264305e-01,-2.130546784550264305e-01,-2.130546784550264305e-01,-2.130546784550264305e-01,-2.130546784550264305e-01,-2.130546784550264305e-01,-1.597910088412698437e-01,-2.775557561562891351e-17,-2.775557561562891351e-17,-5.551115123125782702e-17,-2.775557561562891351e-17,-2.775557561562891351e-17,-2.775557561562891351e-17,-2.775557561562891351e-17,-2.775557561562891351e-17,-2.775557561562891351e-17,-2.775557561562891351e-17,-2.775557561562891351e-17,-2.775557561562891351e-17,-2.775557561562891351e-17,-2.775557561562891351e-17,-2.775557561562891351e-17,-2.775557561562891351e-17,-2.775557561562891351e-17,-1.398171327361110994e-01,-2.130546784550264305e-01,-2.130546784550264305e-01,-2.130546784550264305e-01,-2.130546784550264305e-01,-2.130546784550264305e-01,-2.130546784550264305e-01,-3.655964171489229364e-01,-3.655964171489229364e-01,-3.655964171489229364e-01,-3.655964171489229364e-01,-3.655964171489229364e-01,-2.130546784550264305e-01,-2.130546784550264305e-01,-2.130546784550264305e-01,-2.130546784550264305e-01
-2.130546784550264305e-01,-2.130546784550264305e-01,-2.130546784550264305e-01,-2.130546784550264305e-01,-2.130546784550264305e-01,-2.130546784550264305e-01,-2.130546784550264305e-01,-2.130546784550264305e-01,-2.130546784550264305e-01,-2.130546784550264305e-01,-2.130546784550264305e-01,-2.130546784550264305e-01,-2.130546784550264305e-01,-5.326366961375664233e-02,-5.551115123125782702e-17,-2.775557561562891351e-17,-2.775557561562891351e-17,-2.775557561562891351e-17,-2.775557561562891351e-17,0.000000000000000000e+00,-5.551115123125782702e-17,0.000000000000000000e+00,-2.775557561562891351e-17,-2.775557561562891351e-17,-2.775557561562891351e-17,-2.775557561562891351e-17,-5.551115123125782702e-17,-2.775557561562891351e-17,-2.775557561562891351e-17,-2.775557561562891351e-17,-6.657958701719579597e-02,-2.130546784550264305e-01,-2.130546784550264305e-01,-2.130546784550264305e-01,-2.130546784550264305e-01,-2.130546784550264305e-01,-2.130546784550264305e-01,-2.130546784550264305e-01,-3.655964171489229364e-01,-3.655964171489229364e-01,-3.655964171489229364e-01,-3.655964171489229364e-01,-3.655964171489229364e-01,-2.130546784550264305e-01,-2.130546784550264305e-01,-2.130546784550264305e-01,-2.130546784550264305e-01
-2.130546784550264305e-01,-2.130546784550264305e-01,-2.130546784550264305e-01,-2.130546784550264305e-01,-2.130546784550264305e-01,-2.130546784550264305e-01,-2.130546784550264305e-01,-2.130546784550264305e-01,-2.130546784550264305e-01,-2.130546784550264305e-01,-2.130546784550264305e-01,-2.130546784550264305e-01,-1.265012153326719457e-01,-2.775557561562891351e-17,-2.775557561562891351e-17,-2.775557561562891351e-17,-2.775557561562891351e-17,-2.775557561562891351e-17,-2.775557561562891351e-17,-2.775557561562891351e-17,-2.775557561562891351e-17,-2.775557561562891351e-17,-5.551115123125782702e-17,-2.775557561562891351e-17,-2.775557561562891351e-17,-5.551115123125782702e-17,-2.775557561562891351e-17,-2.775557561562891351e-17,-2.775557561562891351e-17,-5.551115123125782702e-17,-1.731069262447089696e-01,-2.130546784550264305e-01,-2.130546784550264305e-01,-2.130546784550264305e-01,-2.130546784550264305e-01,-2.130546784550264305e-01,-2.130546784550264305e-01,-2.130546784550264305e-01,-3.655964171489229364e-01,-3.655964171489229364e-01,-3.655964171489229364e-01,-3.655964171489229364e-01,-3.655964171489229364e-01,-2.130546784550264305e-01,-2.130546784550264305e-01,-2.130546784550264305e-01,-2.130546784550264305e-01
-2.130546784550264305e-01,-2.130546784550264305e-01,-2.130546784550264305e-01,-2.130546784550264305e-01,-2.130546784550264305e-01,-2.130546784550264305e-01,-2.130546784550264305e-01,-2.130546784550264305e-01,-2.130546784550264305e-01,-2.130546784550264305e-01,-2.130546784550264305e-01,-1.997387610515872769e-01,-1.331591740343918140e-02,-2.775557561562891351e-17,-2.775557561562891351e-17,-2.775557561562891351e-17,-2.775557561562891351e-17,-2.775557561562891351e-17,-2.775557561562891351e-17,-2.775557561562891351e-17,-2.775557561562891351e-17,-2.775557561562891351e-17,-2.775557561562891351e-17,-2.775557561562891351e-17,-2.775557561562891351e-17,-2.775557561562891351e-17,0.000000000000000000e+00,-2.775557561562891351e-17,0.000000000000000000e+00,-1.065273392275132291e-01,-2.130546784550264305e-01,-2.130546784550264305e-01,-2.130546784550264305e-01,-2.130546784550264305e-01,-2.130546784550264305e-01,-2.130546784550264305e-01,-2.130546784550264305e-01,-2.130546784550264305e-01,-3.655964171489229364e-01,-3.655964171489229364e-01,-3.655964171489229364e-01,-3.655964171489229364e-01,-3.655964171489229364e-01,-2.130546784550264305e-01,-2.130546784550264305e-01,-2.130546784550264305e-01,-2.130546784550264305e-01
-2.130546784550264305e-01,-2.130546784550264305e-01,-2.130546784550264305e-01,-2.130546784550264305e-01,-2.130546784550264305e-01,-2.130546784550264305e-01,-2.130546784550264305e-01,-2.130546784550264305e-01,-2.130546784550264305e-01,-2.130546784550264305e-01,-2.130546784550264305e-01,-8.655346312235448480e-02,-2.775557561562891351e-17,-2.775557561562891351e-17,-2.775557561562891351e-17,-2.775557561562891351e-17,-2.775557561562891351e-17,-2.775557561562891351e-17,-2.775557561562891351e-17,-2.775557561562891351e-17,-2.775557561562891351e-17,-2.775557561562891351e-17,-2.775557561562891351e-17,-2.775557561562891351e-17,-2.775557561562891351e-17,-2.775557561562891351e-17,-2.775557561562891351e-17,-2.775557561562891351e-17,-3.328979350859792574e-02,-2.130546784550264305e-01,-2.130546784550264305e-01,-2.130546784550264305e-01,-2.130546784550264305e-01,-2.130546784550264305e-01,-2.130546784550264305e-01,-2.130546784550264305e-01,-2.130546784550264305e-01,-2.130546784550264305e-01,-2.130546784550264305e-01,-2.130546784550264305e-01,-2.130546784550264305e-01,-2.130546784550264305e-01,-2.130546784550264305e-01,-2.130546784550264305e-01,-2.130546784550264305e-01,-2.130546784550264305e-01,-2.130546784550264305e-01
-2.130546784550264305e-01,-2.130546784550264305e-01,-2.130546784550264305e-01,-2.130546784550264305e-01,-2.130546784550264305e-01,-2.130546784550264305e-01,-2.130546784550264305e-01,-2.130546784550264305e-01,-2.130546784550264305e-01,-2.130546784550264305e-01,-1.597910088412698437e-01,-2.775557561562891351e-17,-5.551115123125782702e-17,0.000000000000000000e+00,-2.775557561562891351e-17,-2.775557561562891351e-17,-2.775557561562891351e-17,-2.775557561562891351e-17,-2.775557561562891351e-17,-2.775557561562891351e-17,0.000000000000000000e+00,-5.551115123125782702e-17,-2.775557561562891351e-17,-2.775557561562891351e-17,-5.551115123125782702e-17,-2.775557561562891351e-17,0.000000000000000000e+00,-2.775557561562891351e-17,-1.398171327361110994e-01,-2.130546784550264305e-01,-2.130546784550264305e-01,-2.130546784550264305e-01,-2.130546784550264305e-01,-2.130546784550264305e-01,-2.130546784550264305e-01,-2.130546784550264305e-01,-2.130546784550264305e-01,-2.130546784550264305e-01,-2.130546784550264305e-01,-2.130546784550264305e-01,-2.130546784550264305e-01,-2.130546784550264305e-01,-2.130546784550264305e-01,-2.130546784550264305e-01,-2.130546784550264305e-01,-2.130546784550264305e-01,-2.130546784550264305e-01
-2.130546784550264305e-01,-2.130546784550264305e-01,-2.130546784550264305e-01,-2.130546784550264305e-01,-2.130546784550264305e-01,-2.130546784550264305e-01,-2.130546784550264305e-01,-2.130546784550264305e-01,-2.130546784550264305e-01,-2.130546784550264305e-01,-4.660571091203705163e-02,0.000000000000000000e+00,0.000000000000000000e+00,-2.775557561562891351e-17,-2.775557561562891351e-17,-2.775557561562891351e-17,0.000000000000000000e+00,0.000000000000000000e+00,-5.551115123125782702e-17,-2.775557561562891351e-17,-2.775557561562891351e-17,-2.775557561562891351e-17,-2.775557561562891351e-17,-2.775557561562891351e-17,-2.775557561562891351e-17,-2.775557561562891351e-17,-2.775557561562891351e-17,-6.657958701719576822e-02,-2.130546784550264305e-01,-2.130546784550264305e-01,-2.130546784550264305e-01,-2.130546784550264305e-01,-2.130546784550264305e-01,-2.130546784550264305e-01,-2.130546784550264305e-01,-2.130546784550264305e-01,-2.130546784550264305e-01,-2.130546784550264305e-01,-2.130546784550264305e-01,-2.130546784550264305e-01,-2.130546784550264305e-01,-2.130546784550264305e-01,-2.130546784550264305e-01,-2.130546784550264305e-01,-2.130546784550264305e-01,-2.130546784550264305e-01,-2.130546784550264305e-01
-2.130546784550264305e-01,-2.130546784550264305e-01,-2.130546784550264305e-01,-2.130546784550264305e-01,-2.130546784550264305e-01,-2.130546784550264305e-01,-2.130546784550264305e-01,-2.130546784550264305e-01,-2.130546784550264305e-01,-1.198432566309523828e-01,-2.775557561562891351e-17,-2.775557561562891351e-17,-2.775557561562891351e-17,-2.775557561562891351e-17,-2.775557561562891351e-17,-2.775557561562891351e-17,-5.551115123125782702e-17,-2.775557561562891351e-17,-2.775557561562891351e-17,-2.775557561562891351e-17,-2.775557561562891351e-17,-2.775557561562891351e-17,-2.775557561562891351e-17,-2.775557561562891351e-17,-2.775557561562891351e-17,-2.775557561562891351e-17,-2.775557561562891351e-17,-1.797648849464285603e-01,-2.130546784550264305e-01,-2.130546784550264305e-01,-2.130546784550264305e-01,-2.130546784550264305e-01,-2.130546784550264305e-01,-2.130546784550264305e-01,-2.130546784550264305e-01,-2.130546784550264305e-01,-2.130546784550264305e-01,-2.130546784550264305e-01,-2.130546784550264305e-01,-2.130546784550264305e-01,-2.130546784550264305e-01,-2.130546784550264305e-01,-2.130546784550264305e-01,-2.130546784550264305e-01,-2.130546784550264305e-01,-2.130546784550264305e-01,-2.130546784550264305e-01
-2.130546784550264305e-01,-2.130546784550264305e-01,-2.130546784550264305e-01,-2.130546784550264305e-01,-2.130546784550264305e-01,-2.130546784550264305e-01,-2.130546784550264305e-01,-2.130546784550264305e-01,-1.930808023498677140e-01,-1.331591740343918140e-02,-2.775557561562891351e-17,-2.775557561562891351e-17,-2.775557561562891351e-17,-2.775557561562891351e-17,-2.775557561562891351e-17,-2.775557561562891351e-17,-2.775557561562891351e-17,-2.775557561562891351e-17,-2.775557561562891351e-17,-2.775557561562891351e-17,-2.775557561562891351e-17,-2.775557561562891351e-17,-2.775557561562891351e-17,-2.775557561562891351e-17,-2.775557561562891351e-17,-2.775557561562891351e-17,-1.065273392275132291e-01,-2.130546784550264305e-01,-2.130546784550264305e-01,-2.130546784550264305e-01,-2.130546784550264305e-01,-2.130546784550264305e-01,-2.130546784550264305e-01,-2.130546784550264305e-01,-2.130546784550264305e-01,-2.130546784550264305e-01,-2.130546784550264305e-01,-2.130546784550264305e-01,-2.130546784550264305e-01,-2.130546784550264305e-01,-2.130546784550264305e-01,-2.130546784550264305e-01,-2.130546784550264305e-01,-2.130546784550264305e-01,-2.130546784550264305e-01,-2.130546784550264305e-01,-2.130546784550264305e-01
-2.130546784550264305e-01,-2.130546784550264305e-01,-2.130546784550264305e-01,-2.130546784550264305e-01,-2.130546784550264305e-01,-2.130546784550264305e-01,-2.130546784550264305e-01,-2.130546784550264305e-01,-8.655346312235451256e-02,-2.775557561562891351e-17,-2.775557561562891351e-17,-2.775557561562891351e-17,-5.551115123125782702e-17,-2.775557561562891351e-17,0.000000000000000000e+00,-5.551115123125782702e-17,-2.775557561562891351e-17,-2.775557561562891351e-17,-2.775557561562891351e-17,-2.775557561562891351e-17,-5.551115123125782702e-17,-2.775557561562891351e-17,-2.775557561562891351e-17,-2.775557561562891351e-17,-2.775557561562891351e-17,-3.328979350859792574e-02,-2.130546784550264305e-01,-2.130546784550264305e-01,-2.130546784550264305e-01,-2.130546784550264305e-01,-2.130546784550264305e-01,-2.130546784550264305e-01,-2.130546784550264305e-01,-2.130546784550264305e-01,-2.130546784550264305e-01,-2.130546784550264305e-01,-2.130546784550264305e-01,-2.130546784550264305e-01,-2.130546784550264305e-01,-2.130546784550264305e-01,-2.130546784550264305e-01,-2.130546784550264305e-01,-2.130546784550264305e-01,-2.130546784550264305e-01,-2.130546784550264305e-01,-2.130546784550264305e-01,-2.130546784550264305e-01
-2.130546784550264305e-01,-2.130546784550264305e-01,-2.130546784550264305e-01,-2.130546784550264305e-01,-2.130546784550264305e-01,-2.130546784550264305e-01,-2.130546784550264305e-01,-1.531330501395502530e-01,-2.775557561562891351e-17,-2.775557561562891351e-17,-2.775557561562891351e-17,-2.775557561562891351e-17,-2.775557561562891351e-17,-2.775557561562891351e-17,-2.775557561562891351e-17,-2.775557561562891351e-17,-2.775557561562891351e-17,-2.775557561562891351e-17,-2.775557561562891351e-17,-2.775557561562891351e-17,-2.775557561562891351e-17,-2.775557561562891351e-17,-2.775557561562891351e-17,-2.775557561562891351e-17,-2.775557561562891351e-17,-1.464750914378306623e-01,-2.130546784550264305e-01,-2.130546784550264305e-01,-2.130546784550264305e-01,-2.130546784550264305e-01,-2.130546784550264305e-01,-2.130546784550264305e-01,-2.130546784550264305e-01,-2.130546784550264305e-01,-2.130546784550264305e-01,-2.130546784550264305e-01,-2.130546784550264305e-01,-2.130546784550264305e-01,-2.130546784550264305e-01,-2.130546784550264305e-01,-2.130546784550264305e-01,-2.130546784550264305e-01,-2.130546784550264305e-01,-2.130546784550264305e-01,-2.130546784550264305e-01,-2.130546784550264305e-01,-2.130546784550264305e-01
-2.130546784550264305e-01,-2.130546784550264305e-01,-2.130546784550264305e-01,-2.130546784550264305e-01,-2.130546784550264305e-01,-2.130546784550264305e-01,-2.130546784550264305e-01,-4.660571091203705163e-02,-2.775557561562891351e-17,-2.775557561562891351e-17,-2.775557561562891351e-17,-2.775557561562891351e-17,-2.775557561562891351e-17,-2.775557561562891351e-17,-2.775557561562891351e-17,0.000000000000000000e+00,-2.775557561562891351e-17,-2.775557561562891351e-17,-2.775557561562891351e-17,-2.775557561562891351e-17,-2.775557561562891351e-17,-2.775557561562891351e-17,-2.775557561562891351e-17,-2.775557561562891351e-17,-7.323754571891535892e-02,-2.130546784550264305e-01,-2.130546784550264305e-01,-2.130546784550264305e-01,-2.130546784550264305e-01,-2.130546784550264305e-01,-2.130546784550264305e-01,-2.130546784550264305e-01,-2.130546784550264305e-01,-2.130546784550264305e-01,-2.130546784550264305e-01,-2.130546784550264305e-01,-2.130546784550264305e-01,-2.130546784550264305e-01,-2.130546784550264305e-01,-2.130546784550264305e-01,-2.130546784550264305e-01,-2.130546784550264305e-01,-2.130546784550264305e-01,-2.130546784550264305e-01,-2.130546784550264305e-01,-2.130546784550264305e-01,-2.130546784550264305e-01
-2.130546784550264305e-01,-2.130546784550264305e-01,-2.130546784550264305e-01,-2.130546784550264305e-01,-2.130546784550264305e-01,-2.130546784550264305e-01,-1.198432566309523828e-01,-2.775557561562891351e-17,-2.775557561562891351e-17,-2.775557561562891351e-17,-2.775557561562891351e-17,-2.775557561562891351e-17,0.000000000000000000e+00,-2.775557561562891351e-17,-2.775557561562891351e-17,-2.775557561562891351e-17,-2.775557561562891351e-17,-5.551115123125782702e-17,-2.775557561562891351e-17,-2.775557561562891351e-17,-2.775557561562891351e-17,-2.775557561562891351e-17,-2.775557561562891351e-17,-2.775557561562891351e-17,-1.797648849464285603e-01,-2.130546784550264305e-01,-2.130546784550264305e-01,-2.130546784550264305e-01,-2.130546784550264305e-01,-2.130546784550264305e-01,-2.130546784550264305e-01,-2.130546784550264305e-01,-2.130546784550264305e-01,-2.130546784550264305e-01,-2.130546784550264305e-01,-2.130546784550264305e-01,-2.130546784550264305e-01,-2.130546784550264305e-01,-2.130546784550264305e-01,-2.130546784550264305e-01,-2.130546784550264305e-01,-2.130546784550264305e-01,-2.130546784550264305e-01,-2.130546784550264305e-01,-2.130546784550264305e-01,-2.130546784550264305e-01,-2.130546784550264305e-01
-2.130546784550264305e-01,-2.130546784550264305e-01,-2.130546784550264305e-01,-2.130546784550264305e-01,-2.130546784550264305e-01,-1.930808023498677140e-01,-6.657958701719590699e-03,-2.775557561562891351e-17,-2.775557561562891351e-17,-2.775557561562891351e-17,-2.775557561562891351e-17,-5.551115123125782702e-17,-2.775557561562891351e-17,-5.551115123125782702e-17,-5.551115123125782702e-17,-2.775557561562891351e-17,-2.775557561562891351e-17,-2.775557561562891351e-17,-2.775557561562891351e-17,-2.775557561562891351e-17,-2.775557561562891351e-17,-2.775557561562891351e-17,-2.775557561562891351e-17,-1.131852979292328060e-01,-2.130546784550264305e-01,-2.130546784550264305e-01,-2.130546784550264305e-01,-2.130546784550264305e-01,-2.130546784550264305e-01,-2.130546784550264305e-01,-2.130546784550264305e-01,-2.130546784550264305e-01,-2.130546784550264305e-01,-2.130546784550264305e-01,-2.130546784550264305e-01,-2.130546784550264305e-01,-2.130546784550264305e-01,-2.130546784550264305e-01,-2.130546784550264305e-01,-2.130546784550264305e-01,-2.130546784550264305e-01,-2.130546784550264305e-01,-2.130546784550264305e-01,-2.130546784550264305e-01,-2.130546784550264305e-01,-2.130546784550264305e-01,-2.130546784550264305e-01
-2.130546784550264305e-01,-2.130546784550264305e-01,-2.130546784550264305e-01,-2.130546784550264305e-01,-2.130546784550264305e-01,-7.989550442063492186e-02,-2.775557561562891351e-17,-2.775557561562891351e-17,-2.775557561562891351e-17,-2.775557561562891351e-17,-2.775557561562891351e-17,0.000000000000000000e+00,0.000000000000000000e+00,-2.775557561562891351e-17,-2.775557561562891351e-17,-2.775557561562891351e-17,-2.775557561562891351e-17,-2.775557561562891351e-17,0.000000000000000000e+00,-2.775557561562891351e-17,0.000000000000000000e+00,-2.775557561562891351e-17,-3.994775221031746093e-02,-2.130546784550264305e-01,-2.130546784550264305e-01,-2.130546784550264305e-01,-2.130546784550264305e-01,-2.130546784550264305e-01,-2.130546784550264305e-01,-2.130546784550264305e-01,-2.130546784550264305e-01,-2.130546784550264305e-01,-2.130546784550264305e-01,-2.130546784550264305e-01,-2.130546784550264305e-01,-2.130546784550264305e-01,-2.130546784550264305e-01,-2.130546784550264305e-01,-2.130546784550264305e-01,-2.130546784550264305e-01,-2.130546784550264305e-01,-2.130546784550264305e-01,-2.130546784550264305e-01,-2.130546784550264305e-01,-2.130546784550264305e-01,-2.130546784550264305e-01,-2.130546784550264305e-01
-2.130546784550264305e-01,-2.130546784550264305e-01,-2.130546784550264305e-01,-2.130546784550264305e-01,-1.531330501395502530e-01,-2.775557561562891351e-17,-2.775557561562891351e-17,-2.775557561562891351e-17,-2.775557561562891351e-17,-2.775557561562891351e-17,-2.775557561562891351e-17,-2.775557561562891351e-17,-2.775557561562891351e-17,-2.775557561562891351e-17,-2.775557561562891351e-17,0.000000000000000000e+00,-2.775557561562891351e-17,-2.775557561562891351e-17,-2.775557561562891351e-17,-2.775557561562891351e-17,-5.551115123125782702e-17,-5.551115123125782702e-17,-1.464750914378306623e-01,-2.130546784550264305e-01,-2.130546784550264305e-01,-2.130546784550264305e-01,-2.130546784550264305e-01,-2.130546784550264305e-01,-2.130546784550264305e-01,-2.130546784550264305e-01,-2.130546784550264305e-01,-2.130546784550264305e-01,-2.130546784550264305e-01,-2.130546784550264305e-01,-2.130546784550264305e-01,-2.130546784550264305e-01,-2.130546784550264305e-01,-2.130546784550264305e-01,-2.130546784550264305e-01,-2.130546784550264305e-01,-2.130546784550264305e-01,-2.130546784550264305e-01,-2.130546784550264305e-01,-2.130546784550264305e-01,-2.130546784550264305e-01,-2.130546784550264305e-01,-2.130546784550264305e-01
-2.130546784550264305e-01,-2.130546784550264305e-01,-2.130546784550264305e-01,-2.130546784550264305e-01,-3.994775221031748869e-02,-2.775557561562891351e-17,-2.775557561562891351e-17,-2.775557561562891351e-17,-2.775557561562891351e-17,-2.775557561562891351e-17,-2.775557561562891351e-17,-2.775557561562891351e-17,-2.775557561562891351e-17,-2.775557561562891351e-17,-2.775557561562891351e-17,-2.775557561562891351e-17,-2.775557561562891351e-17,0.000000000000000000e+00,-2.775557561562891351e-17,-2.775557561562891351e-17,-2.775557561562891351e-17,-7.323754571891535892e-02,-2.130546784550264305e-01,-2.130546784550264305e-01,-2.130546784550264305e-01,-2.130546784550264305e-01,-2.130546784550264305e-01,-2.130546784550264305e-01,-2.130546784550264305e-01,-2.130546784550264305e-01,-2.130546784550264305e-01,-2.130546784550264305e-01,-2.130546784550264305e-01,-2.130546784550264305e-01,-2.130546784550264305e-01,-2.130546784550264305e-01,-2.130546784550264305e-01,-2.130546784550264305e-01,-2.130546784550264305e-01,-2.130546784550264305e-01,-2.130546784550264305e-01,-2.130546784550264305e-01,-2.130546784550264305e-01,-2.130546784550264305e-01,-2.130546784550264305e-01,-2.130546784550264305e-01,-2.130546784550264305e-01
-2.130546784550264305e-01,-2.130546784550264305e-01,-2.130546784550264305e-01,-1.131852979292328060e-01,0.000000000000000000e+00,-2.775557561562891351e-17,-2.775557561562891351e-17,-5.551115123125782702e-17,0.000000000000000000e+00,-5.551115123125782702e-17,-2.602432416929628678e-01,-2.602432416929628678e-01,-2.602432416929628678e-01,-2.602432416929628678e-01,-2.602432416929628678e-01,-2.775557561562891351e-17,-2.775557561562891351e-17,-5.551115123125782702e-17,-2.775557561562891351e-17,-2.775557561562891351e-17,-2.775557561562891351e-17,-1.864228436481481233e-01,-2.130546784550264305e-01,-2.130546784550264305e-01,-2.130546784550264305e-01,-2.130546784550264305e-01,-2.130546784550264305e-01,-2.130546784550264305e-01,-2.130546784550264305e-01,-2.130546784550264305e-01,-2.130546784550264305e-01,-2.130546784550264305e-01,-2.130546784550264305e-01,-2.130546784550264305e-01,-2.130546784550264305e-01,-2.130546784550264305e-01,-2.130546784550264305e-01,-2.130546784550264305e-01,-2.130546784550264305e-01,-2.130546784550264305e-01,-2.130546784550264305e-01,-2.130546784550264305e-01,-2.130546784550264305e-01,-2.130546784550264305e-01,-2.130546784550264305e-01,-2.130546784550264305e-01,-2.130546784550264305e-01
-2.130546784550264305e-01,-2.130546784550264305e-01,-3.188793653844832487e-01,-1.391144804380547439e-01,-1.324565217363351532e-01,-2.775557561562891351e-17,-2.775557561562891351e-17,-2.775557561562891351e-17,-2.775557561562891351e-17,-2.775557561562891351e-17,-2.602432416929628123e-01,-2.602432416929628678e-01,-2.602432416929628678e-01,-2.602432416929628678e-01,-2.602432416929628678e-01,-2.775557561562891351e-17,-2.775557561562891351e-17,0.000000000000000000e+00,-2.775557561562891351e-17,-2.775557561562891351e-17,-1.131852979292328060e-01,-2.130546784550264305e-01,-2.130546784550264305e-01,-2.130546784550264305e-01,-2.130546784550264305e-01,-2.130546784550264305e-01,-2.130546784550264305e-01,-2.130546784550264305e-01,-2.130546784550264305e-01,-2.130546784550264305e-01,-2.130546784550264305e-01,-2.130546784550264305e-01,-2.130546784550264305e-01,-2.130546784550264305e-01,-2.130546784550264305e-01,-2.130546784550264305e-01,-2.130546784550264305e-01,-2.130546784550264305e-01,-2.130546784550264305e-01,-2.130546784550264305e-01,-2.130546784550264305e-01,-2.130546784550264305e-01,-2.130546784550264305e-01,-2.130546784550264305e-01,-2.130546784550264305e-01,-2.130546784550264305e-01,-2.130546784550264305e-01
-2.130546784550264305e-01,-2.130546784550264305e-01,-2.123520261569700474e-01,-1.324565217363351532e-01,-1.324565217363351532e-01,-2.775557561562891351e-17,-2.775557561562891351e-17,0.000000000000000000e+00,-2.775557561562891351e-17,-5.551115123125782702e-17,-2.602432416929628678e-01,-2.602432416929628678e-01,-2.602432416929628678e-01,-2.602432416929628678e-01,-2.602432416929628123e-01,-2.775557561562891351e-17,-2.775557561562891351e-17,-2.775557561562891351e-17,-2.775557561562891351e-17,-3.994775221031746093e-02,-2.130546784550264305e-01,-2.130546784550264305e-01,-2.130546784550264305e-01,-2.130546784550264305e-01,-2.130546784550264305e-01,-2.130546784550264305e-01,-2.130546784550264305e-01,-2.130546784550264305e-01,-2.130546784550264305e-01,-2.130546784550264305e-01,-2.130546784550264305e-01,-2.130546784550264305e-01,-2.130546784550264305e-01,-2.130546784550264305e-01,-2.130546784550264305e-01,-2.130546784550264305e-01,-2.130546784550264305e-01,-2.130546784550264305e-01,-2.130546784550264305e-01,-2.130546784550264305e-01,-2.130546784550264305e-01,-2.130546784550264305e-01,-2.130546784550264305e-01,-2.130546784550264305e-01,-2.130546784550264305e-01,-2.130546784550264305e-01,-2.130546784550264305e-01
-2.130546784550264305e-01,-1.531330501395502530e-01,-1.324565217363351532e-01,-1.324565217363351532e-01,-1.324565217363351532e-01,-2.775557561562891351e-17,-2.775557561562891351e-17,-2.775557561562891351e-17,-2.775557561562891351e-17,-2.775557561562891351e-17,-2.602432416929628678e-01,-2.602432416929628678e-01,-2.602432416929628678e-01,-2.602432416929628678e-01,-2.602432416929628678e-01,-2.775557561562891351e-17,-2.775557561562891351e-17,-2.775557561562891351e-17,-2.775557561562891351e-17,-1.531330501395502530e-01,-2.130546784550264305e-01,-2.130546784550264305e-01,-2.130546784550264305e-01,-2.130546784550264305e-01,-2.130546784550264305e-01,-2.130546784550264305e-01,-2.130546784550264305e-01,-2.130546784550264305e-01,-2.130546784550264305e-01,-2.130546784550264305e-01,-2.130546784550264305e-01,-2.130546784550264305e-01,-2.130546784550264305e-01,-2.130546784550264305e-01,-2.130546784550264305e-01,-2.130546784550264305e-01,-2.130546784550264305e-01,-2.130546784550264305e-01,-2.130546784550264305e-01,-2.130546784550264305e-01,-2.130546784550264305e-01,-2.130546784550264305e-01,-2.130546784550264305e-01,-2.130546784550264305e-01,-2.130546784550264305e-01,-2.130546784550264305e-01,-2.130546784550264305e-01
-2.130546784550264305e-01,-3.994775221031746093e-02,-5.551115123125782702e-17,-2.775557561562891351e-17,-2.775557561562891351e-17,-2.775557561562891351e-17,-2.775557561562891351e-17,-2.775557561562891351e-17,0.000000000000000000e+00,-2.775557561562891351e-17,-2.602432416929628678e-01,-2.602432416929628678e-01,-2.602432416929628678e-01,-2.602432416929628678e-01,-2.602432416929628678e-01,-2.775557561562891351e-17,-2.775557561562891351e-17,-2.775557561562891351e-17,-7.989550442063492186e-02,-2.130546784550264305e-01,-2.130546784550264305e-01,-2.130546784550264305e-01,-2.130546784550264305e-01,-2.130546784550264305e-01,-2.130546784550264305e-01,-2.130546784550264305e-01,-2.130546784550264305e-01,-2.130546784550264305e-01,-2.130546784550264305e-01,-2.130546784550264305e-01,-2.130546784550264305e-01,-2.130546784550264305e-01,-2.130546784550264305e-01,-2.130546784550264305e-01,-2.130546784550264305e-01,-2.130546784550264305e-01,-2.130546784550264305e-01,-2.130546784550264305e-01,-2.130546784550264305e-01,-2.130546784550264305e-01,-2.130546784550264305e-01,-2.130546784550264305e-01,-2.130546784550264305e-01,-2.130546784550264305e-01,-2.130546784550264305e-01,-2.130546784550264305e-01,-2.130546784550264305e-01
-1.131852979292328060e-01,-2.775557561562891351e-17,-2.775557561562891351e-17,-2.775557561562891351e-17,-2.775557561562891351e-17,-5.551115123125782702e-17,-2.775557561562891351e-17,-2.775557561562891351e-17,-2.775557561562891351e-17,-2.775557561562891351e-17,-2.775557561562891351e-17,0.000000000000000000e+00,-5.551115123125782702e-17,-2.775557561562891351e-17,0.000000000000000000e+00,-2.775557561562891351e-17,0.000000000000000000e+00,-6.657958701719618455e-03,-1.864228436481481233e-01,-2.130546784550264305e-01,-2.130546784550264305e-01,-2.130546784550264305e-01,-2.130546784550264305e-01,-2.130546784550264305e-01,-2.130546784550264305e-01,-2.130546784550264305e-01,-2.130546784550264305e-01,-2.130546784550264305e-01,-2.130546784550264305e-01,-2.130546784550264305e-01,-2.130546784550264305e-01,-2.130546784550264305e-01,-2.130546784550264305e-01,-2.130546784550264305e-01,-2.130546784550264305e-01,-2.130546784550264305e-01,-2.130546784550264305e-01,-2.130546784550264305e-01,-2.130546784550264305e-01,-2.130546784550264305e-01,-2.130546784550264305e-01,-2.130546784550264305e-01,-2.130546784550264305e-01,-2.130546784550264305e-01,-2.130546784550264305e-01,-2.130546784550264305e-01,-2.130546784550264305e-01
-2.775557561562891351e-17,-2.775557561562891351e-17,0.000000000000000000e+00,-2.775557561562891351e-17,-2.775557561562891351e-17,-2.775557561562891351e-17,-2.775557561562891351e-17,-5.551115123125782702e-17,-5.551115123125782702e-17,-2.775557561562891351e-17,-2.775557561562891351e-17,0.000000000000000000e+00,-2.775557561562891351e-17,-2.775557561562891351e-17,-2.775557561562891351e-17,-2.775557561562891351e-17,-5.551115123125782702e-17,-1.131852979292327921e-01,-2.130546784550264305e-01,-2.130546784550264305e-01,-2.130546784550264305e-01,-2.130546784550264305e-01,-2.130546784550264305e-01,-2.130546784550264305e-01,-2.130546784550264305e-01,-2.130546784550264305e-01,-2.130546784550264305e-01,-2.130546784550264305e-01,-2.130546784550264305e-01,-2.130546784550264305e-01,-2.130546784550264305e-01,-2.130546784550264305e-01,-2.130546784550264305e-01,-2.130546784550264305e-01,-2.130546784550264305e-01,-2.130546784550264305e-01,-2.130546784550264305e-01,-2.130546784550264305e-01,-2.130546784550264305e-01,-2.130546784550264305e-01,-2.130546784550264305e-01,-2.130546784550264305e-01,-2.130546784550264305e-01,-2.130546784550264305e-01,-2.130546784550264305e-01,-2.130546784550264305e-01,-2.130546784550264305e-01
0.000000000000000000e+00,-2.775557561562891351e-17,-2.775557561562891351e-17,-2.775557561562891351e-17,-2.775557561562891351e-17,-5.262986565930297123e-02,-5.262986565930297123e-02,-5.262986565930297123e-02,-5.262986565930297123e-02,-2.775557561562891351e-17,-2.775557561562891351e-17,0.000000000000000000e+00,-2.775557561562891351e-17,-5.551115123125782702e-17,-2.775557561562891351e-17,-2.775557561562891351e-17,-4.660571091203705163e-02,-2.130546784550264305e-01,-2.130546784550264305e-01,-2.130546784550264305e-01,-2.130546784550264305e-01,-2.130546784550264305e-01,-2.130546784550264305e-01,-2.130546784550264305e-01,-2.130546784550264305e-01,-2.130546784550264305e-01,-2.130546784550264305e-01,-2.130546784550264305e-01,-2.130546784550264305e-01,-2.130546784550264305e-01,-2.130546784550264305e-01,-2.130546784550264305e-01,-2.130546784550264305e-01,-2.130546784550264305e-01,-2.130546784550264305e-01,-2.130546784550264305e-01,-2.130546784550264305e-01,-2.130546784550264305e-01,-2.130546784550264305e-01,-2.130546784550264305e-01,-2.130546784550264305e-01,-2.130546784550264305e-01,-2.130546784550264305e-01,-2.130546784550264305e-01,-2.130546784550264305e-01,-2.130546784550264305e-01,-2.130546784550264305e-01
-2.775557561562891351e-17,-2.775557561562891351e-17,-2.775557561562891351e-17,-2.775557561562891351e-17,-2.775557561562891351e-17,-5.262986565930297123e-02,-5.262986565930297123e-02,-5.262986565930297123e-02,-5.262986565930297123e-02,-2.775557561562891351e-17,-2.775557561562891351e-17,-5.551115123125782702e-17,-2.775557561562891351e-17,-2.775557561562891351e-17,-2.775557561562891351e-17,-5.551115123125782702e-17,-1.531330501395502530e-01,-2.130546784550264305e-01,-2.130546784550264305e-01,-2.130546784550264305e-01,-2.130546784550264305e-01,-2.130546784550264305e-01,-2.130546784550264305e-01,-2.130546784550264305e-01,-2.130546784550264305e-01,-2.130546784550264305e-01,-2.130546784550264305e-01,-2.130546784550264305e-01,-2.130546784550264305e-01,-2.130546784550264305e-01,-2.130546784550264305e-01,-2.130546784550264305e-01,-2.130546784550264305e-01,-2.130546784550264305e-01,-2.130546784550264305e-01,-2.130546784550264305e-01,-2.130546784550264305e-01,-2.130546784550264305e-01,-2.130546784550264305e-01,-2.130546784550264305e-01,-2.130546784550264305e-01,-2.130546784550264305e-01,-2.130546784550264305e-01,-2.130546784550264305e-01,-2.130546784550264305e-01,-2.130546784550264305e-01,-2.130546784550264305e-01
-1.864228436481481233e-01,-7.323754571891535892e-02,-2.775557561562891351e-17,-2.775557561562891351e-17,0.000000000000000000e+00,-5.262986565930297123e-02,-5.262986565930291571e-02,-5.262986565930297123e-02,-5.262986565930297123e-02,-2.775557561562891351e-17,-2.775557561562891351e-17,0.000000000000000000e+00,-2.775557561562891351e-17,-2.775557561562891351e-17,-2.775557561562891351e-17,-7.989550442063492186e-02,-2.130546784550264305e-01,-2.130546784550264305e-01,-2.130546784550264305e-01,-2.130546784550264305e-01,-2.130546784550264305e-01,-2.130546784550264305e-01,-2.130546784550264305e-01,-2.130546784550264305e-01,-2.130546784550264305e-01,-2.130546784550264305e-01,-2.130546784550264305e-01,-2.130546784550264305e-01,-2.130546784550264305e-01,-2.130546784550264305e-01,-2.130546784550264305e-01,-2.130546784550264305e-01,-2.130546784550264305e-01,-2.130546784550264305e-01,-2.130546784550264305e-01,-2.130546784550264305e-01,-2.130546784550264305e-01,-2.130546784550264305e-01,-2.130546784550264305e-01,-2.130546784550264305e-01,-2.130546784550264305e-01,-2.130546784550264305e-01,-2.130546784550264305e-01,-2.130546784550264305e-01,-2.130546784550264305e-01,-2.130546784550264305e-01,-2.130546784550264305e-01
-2.130546784550264305e-01,-2.130546784550264305e-01,-1.464750914378306901e-01,-3.994775221031746093e-02,-2.775557561562891351e-17,-5.262986565930297123e-02,-5.262986565930297123e-02,-5.262986565930297123e-02,-5.262986565930297123e-02,-2.775557561562891351e-17,-5.551115123125782702e-17,-2.775557561562891351e-17,-2.775557561562891351e-17,-2.775557561562891351e-17,-6.657958701719590699e-03,-1.930808023498677140e-01,-2.130546784550264305e-01,-2.130546784550264305e-01,-2.130546784550264305e-01,-2.130546784550264305e-01,-2.130546784550264305e-01,-2.130546784550264305e-01,-2.130546784550264305e-01,-2.130546784550264305e-01,-2.130546784550264305e-01,-2.130546784550264305e-01,-2.130546784550264305e-01,-2.130546784550264305e-01,-2.130546784550264305e-01,-2.130546784550264305e-01,-2.130546784550264305e-01,-2.130546784550264305e-01,-2.130546784550264305e-01,-2.130546784550264305e-01,-2.130546784550264305e-01,-2.130546784550264305e-01,-2.130546784550264305e-01,-2.130546784550264305e-01,-2.130546784550264305e-01,-2.130546784550264305e-01,-2.130546784550264305e-01,-2.130546784550264305e-01,-2.130546784550264305e-01,-2.130546784550264305e-01,-2.130546784550264305e-01,-2.130546784550264305e-01,-2.130546784550264305e-01
-2.130546784550264305e-01,-2.130546784550264305e-01,-2.130546784550264305e-01,-2.130546784550264305e-01,-1.065273392275132291e-01,-2.775557561562891351e-17,-2.775557561562891351e-17,-2.775557561562891351e-17,-2.775557561562891351e-17,-2.775557561562891351e-17,-2.775557561562891351e-17,-2.775557561562891351e-17,-2.775557561562891351e-17,-2.775557561562891351e-17,-1.198432566309523828e-01,-2.130546784550264305e-01,-2.130546784550264305e-01,-2.130546784550264305e-01,-2.130546784550264305e-01,-2.130546784550264305e-01,-2.130546784550264305e-01,-2.130546784550264305e-01,-2.130546784550264305e-01,-2.130546784550264305e-01,-2.130546784550264305e-01,-2.130546784550264305e-01,-2.130546784550264305e-01,-2.130546784550264305e-01,-2.130546784550264305e-01,-2.130546784550264305e-01,-2.130546784550264305e-01,-2.130546784550264305e-01,-2.130546784550264305e-01,-2.130546784550264305e-01,-2.130546784550264305e-01,-2.130546784550264305e-01,-2.130546784550264305e-01,-2.130546784550264305e-01,-2.130546784550264305e-01,-2.130546784550264305e-01,-2.130546784550264305e-01,-2.130546784550264305e-01,-2.130546784550264305e-01,-2.130546784550264305e-01,-2.130546784550264305e-01,-2.130546784550264305e-01,-2.130546784550264305e-01
-2.130546784550264305e-01,-2.130546784550264305e-01,-2.130546784550264305e-01,-2.130546784550264305e-01,-2.130546784550264305e-01,-1.797648849464285603e-01,-7.323754571891535892e-02,-2.775557561562891351e-17,-2.775557561562891351e-17,-2.775557561562891351e-17,-2.775557561562891351e-17,-2.775557561562891351e-17,-5.551115123125782702e-17,-4.660571091203705163e-02,-2.130546784550264305e-01,-2.130546784550264305e-01,-2.130546784550264305e-01,-2.130546784550264305e-01,-2.130546784550264305e-01,-2.130546784550264305e-01,-2.130546784550264305e-01,-2.130546784550264305e-01,-2.130546784550264305e-01,-2.130546784550264305e-01,-2.130546784550264305e-01,-2.130546784550264305e-01,-2.130546784550264305e-01,-2.130546784550264305e-01,-2.130546784550264305e-01,-2.130546784550264305e-01,-2.130546784550264305e-01,-2.130546784550264305e-01,-2.130546784550264305e-01,-2.130546784550264305e-01,-2.130546784550264305e-01,-2.130546784550264305e-01,-2.130546784550264305e-01,-2.130546784550264305e-01,-2.130546784550264305e-01,-2.130546784550264305e-01,-2.130546784550264305e-01,-2.130546784550264305e-01,-2.130546784550264305e-01,-2.130546784550264305e-01,-2.130546784550264305e-01,-2.130546784550264305e-01,-2.130546784550264305e-01
-2.130546784550264305e-01,-2.130546784550264305e-01,-2.130546784550264305e-01,-2.130546784550264305e-01,-2.130546784550264305e-01,-2.130546784550264305e-01,-2.130546784550264305e-01,-1.464750914378306623e-01,-3.328979350859789799e-02,-2.775557561562891351e-17,-2.775557561562891351e-17,-2.775557561562891351e-17,-5.551115123125782702e-17,-1.597910088412698437e-01,-2.130546784550264305e-01,-2.130546784550264305e-01,-2.130546784550264305e-01,-2.130546784550264305e-01,-2.130546784550264305e-01,-2.130546784550264305e-01,-2.130546784550264305e-01,-2.130546784550264305e-01,-2.130546784550264305e-01,-2.130546784550264305e-01,-2.130546784550264305e-01,-2.130546784550264305e-01,-2.130546784550264305e-01,-2.130546784550264305e-01,-2.130546784550264305e-01,-2.130546784550264305e-01,-2.130546784550264305e-01,-2.130546784550264305e-01,-2.130546784550264305e-01,-2.130546784550264305e-01,-2.130546784550264305e-01,-2.130546784550264305e-01,-2.130546784550264305e-01,-2.130546784550264305e-01,-2.130546784550264305e-01,-2.130546784550264305e-01,-2.130546784550264305e-01,-2.130546784550264305e-01,-2.130546784550264305e-01,-2.130546784550264305e-01,-2.130546784550264305e-01,-2.130546784550264305e-01,-2.130546784550264305e-01
-4.590116260898917666e-01,-4.590116260898917666e-01,-4.590116260898917666e-01,-2.130546784550264305e-01,-2.130546784550264305e-01,-2.130546784550264305e-01,-2.130546784550264305e-01,-2.130546784550264305e-01,-2.130546784550264305e-01,-1.065273392275132291e-01,-2.775557561562891351e-17,-2.775557561562891351e-17,-8.655346312235451256e-02,-2.130546784550264305e-01,-2.130546784550264305e-01,-2.130546784550264305e-01,-2.130546784550264305e-01,-2.130546784550264305e-01,-2.130546784550264305e-01,-2.130546784550264305e-01,-2.130546784550264305e-01,-2.130546784550264305e-01,-2.130546784550264305e-01,-2.130546784550264305e-01,-2.130546784550264305e-01,-2.130546784550264305e-01,-2.130546784550264305e-01,-2.130546784550264305e-01,-2.130546784550264305e-01,-2.130546784550264305e-01,-2.130546784550264305e-01,-2.130546784550264305e-01,-2.130546784550264305e-01,-2.130546784550264305e-01,-2.130546784550264305e-01,-2.130546784550264305e-01,-2.130546784550264305e-01,-2.130546784550264305e-01,-2.130546784550264305e-01,-2.130546784550264305e-01,-2.130546784550264305e-01,-2.130546784550264305e-01,-2.130546784550264305e-01,-2.130546784550264305e-01,-2.130546784550264305e-01,-2.130546784550264305e-01,-2.130546784550264305e-01
-4.590116260898917666e-01,-4.590116260898917666e-01,-4.590116260898917666e-01,-2.130546784550264305e-01,-2.130546784550264305e-01,-2.130546784550264305e-01,-2.130546784550264305e-01,-2.130546784550264305e-01,-2.130546784550264305e-01,-2.130546784550264305e-01,-1.797648849464285603e-01,-7.573428023206019155e-02,-1.930808023498677140e-01,-2.130546784550264305e-01,-2.130546784550264305e-01,-2.130546784550264305e-01,-2.130546784550264305e-01,-2.130546784550264305e-01,-2.130546784550264305e-01,-2.130546784550264305e-01,-2.130546784550264305e-01,-2.130546784550264305e-01,-2.130546784550264305e-01,-2.130546784550264305e-01,-2.130546784550264305e-01,-2.130546784550264305e-01,-2.130546784550264305e-01,-2.130546784550264305e-01,-2.130546784550264305e-01,-2.130546784550264305e-01,-2.130546784550264305e-01,-2.130546784550264305e-01,-2.130546784550264305e-01,-2.130546784550264305e-01,-2.130546784550264305e-01,-2.130546784550264305e-01,-2.130546784550264305e-01,-2.130546784550264305e-01,-2.130546784550264305e-01,-2.130546784550264305e-01,-2.130546784550264305e-01,-2.130546784550264305e-01,-2.130546784550264305e-01,-2.130546784550264305e-01,-2.130546784550264305e-01,-2.130546784550264305e-01,-2.130546784550264305e-01
-4.590116260898917666e-01,-4.590116260898917666e-01,-4.590116260898917666e-01,-2.130546784550264305e-01,-2.130546784550264305e-01,-2.130546784550264305e-01,-2.130546784550264305e-01,-2.130546784550264305e-01,-2.130546784550264305e-01,-2.130546784550264305e-01,-2.130546784550264305e-01,-2.130546784550264305e-01,-2.130546784550264305e-01,-2.130546784550264305e-01,-2.130546784550264305e-01,-2.130546784550264305e-01,-2.130546784550264305e-01,-2.130546784550264305e-01,-2.130546784550264305e-01,-2.130546784550264305e-01,-2.130546784550264305e-01,-2.130546784550264305e-01,-2.130546784550264305e-01,-2.130546784550264305e-01,-2.130546784550264305e-01,-2.130546784550264305e-01,-2.130546784550264305e-01,-2.130546784550264305e-01,-2.130546784550264305e-01,-2.130546784550264305e-01,-2.130546784550264305e-01,-2.130546784550264305e-01,-2.130546784550264305e-01,-2.130546784550264305e-01,-2.130546784550264305e-01,-2.130546784550264305e-01,-2.130546784550264305e-01,-2.130546784550264305e-01,-2.130546784550264305e-01,-2.130546784550264305e-01,-2.130546784550264305e-01,-2.130546784550264305e-01,-2.130546784550264305e-01,-2.130546784550264305e-01,-2.130546784550264305e-01,-2.130546784550264305e-01,-2.130546784550264305e-01
-2.130546784550264305e-01,-2.130546784550264305e-01,-2.130546784550264305e-01,-2.130546784550264305e-01,-2.130546784550264305e-01,-2.130546784550264305e-01,-2.130546784550264305e-01,-2.130546784550264305e-01,-2.130546784550264305e-01,-2.130546784550264305e-01,-2.130546784550264305e-01,-2.130546784550264305e-01,-2.130546784550264305e-01,-2.130546784550264305e-01,-2.130546784550264305e-01,-2.130546784550264305e-01,-2.130546784550264305e-01,-2.130546784550264305e-01,-2.130546784550264305e-01,-2.130546784550264305e-01,-2.130546784550264305e-01,-2.130546784550264305e-01,-2.130546784550264305e-01,-2.130546784550264305e-01,-2.130546784550264305e-01,-2.130546784550264305e-01,-2.130546784550264305e-01,-2.130546784550264305e-01,-2.130546784550264305e-01,-2.130546784550264305e-01,-2.130546784550264305e-01,-2.130546784550264305e-01,-2.130546784550264305e-01,-2.130546784550264305e-01,-2.130546784550264305e-01,-2.130546784550264305e-01,-2.130546784550264305e-01,-2.130546784550264305e-01,-2.130546784550264305e-01,-2.130546784550264305e-01,-2.130546784550264305e-01,-2.130546784550264305e-01,-2.130546784550264305e-01,-2.130546784550264305e-01,-2.130546784550264305e-01,-2.130546784550264305e-01,-2.130546784550264305e-01
-2.130546784550264305e-01,-2.130546784550264305e-01,-2.130546784550264305e-01,-2.130546784550264305e-01,-2.130546784550264305e-01,-2.130546784550264305e-01,-2.130546784550264305e-01,-2.130546784550264305e-01,-2.130546784550264305e-01,-2.130546784550264305e-01,-2.130546784550264305e-01,-2.130546784550264305e-01,-2.130546784550264305e-01,-2.130546784550264305e-01,-2.130546784550264305e-01,-2.130546784550264305e-01,-2.130546784550264305e-01,-2.130546784550264305e-01,-2.130546784550264305e-01,-2.130546784550264305e-01,-2.130546784550264305e-01,-2.130546784550264305e-01,-2.130546784550264305e-01,-2.130546784550264305e-01,-2.130546784550264305e-01,-2.130546784550264305e-01,-2.130546784550264305e-01,-2.130546784550264305e-01,-2.130546784550264305e-01,-2.130546784550264305e-01,-2.130546784550264305e-01,-2.130546784550264305e-01,-2.130546784550264305e-01,-2.130546784550264305e-01,-2.130546784550264305e-01,-2.130546784550264305e-01,-2.130546784550264305e-01,-2.130546784550264305e-01,-2.130546784550264305e-01,-2.130546784550264305e-01,-2.130546784550264305e-01,-2.130546784550264305e-01,-2.130546784550264305e-01,-2.130546784550264305e-01,-2.130546784550264305e-01,-2.130546784550264305e-01,-2.130546784550264305e-01
